URUN_REFNO|ADI|KATEGORI_REFNO|ALT_KATEGORI_REFNO|TEDARIKCI_REFNO|KDVSIZ_SATIS_FIYATI|KDVSIZ_ALIS_FIYATI|SATIS_KDV_ORANI|ALIS_KDV_ORANI|BARKODU|BIRIM1|BIRIM2|
2|CREATIVE INSPIRE 5200 5+1|1|1|2|89,54|0,0000|0|0|8692212121|ADET||
3|PHILIPS MMS221|3|4|2|18,15|0,0000|0|0|8692212121|ADET||
4|OZAKI EM696 3W RMS|3|5|2|6,534|0,0000|0|0|8692212121|ADET||
5|OZAKI DT100 12W RMS|1|1|2|17,545|0,0000|0|0|8692212121|ADET||
6|FRISBY SR-60DS|1|1|2|15,73|0,0000|0|0|8692212121|ADET||
7|AVERMEDIA RADYOLU TV KARTI|1|1|2|62,92|0,0000|0|0|8692212121|ADET||
8|AVERMEDIA USB TV KARTI|1|1|2|107,69|0,0000|0|0|8692212121|ADET||
9|LA CONTE BT878 RADYOLU|1|1|2|35,695|0,0000|0|0|8692212121|ADET||
10|INCA DIGITAL TV|1|1|2|71,39|0,0000|0|0|8692212121|ADET||
11|INCA DIGITAL TV KARTI +FM +CI|1|1|2|107,69|0,0000|0|0|8692212121|ADET||
12|KINGSTON 256MB. USB 2.0|1|1|2|31,46|0,0000|0|0|8692212121|ADET||
13|OEM 128MB USB 2.0 FLASH DISK|1|1|2|22,99|0,0000|0|0|8692212121|ADET||
14|OEM 256MB USB 2.0 FLASH DISK|1|1|2|32,67|0,0000|0|0|8692212121|ADET||
15|OEM 512MB USB 2.0 FLASH DISK|1|1|2|55,66|0,0000|0|0|8692212121|ADET||
16|POWERCOM 600A|1|1|2|36,3|0,0000|0|0|8692212121|ADET||
17|LEXMARK Z-815 INKJET|1|1|2|89,54|0,0000|0|0|8692212121|ADET||
18|LEXMARK X1180 OFFICEJET|1|1|2|102,85|0,0000|0|0|8692212121|ADET||
19|LEXMARK X2250 OFFICEJET|1|1|2|114,95|0,0000|0|0|8692212121|ADET||
20|LEXMARK X6170 OFFICEJET|1|1|2|217,8|0,0000|0|0|8692212121|ADET||
21|LEXMARK F4270 OFFICEJET|1|1|2|180,29|0,0000|0|0|8692212121|ADET||
22|LEXMARK E232 LASER|1|1|2|151,25|0,0000|0|0|8692212121|ADET||
23|HP 3745 INKJET|1|1|2|71,39|0,0000|0|0|8692212121|ADET||
24|HP 4255 OFFICEJET|1|1|2|204,49|0,0000|0|0|8692212121|ADET||
25|HP 7130 OFFICEJET|1|1|2|620,048|0,0000|0|0|8692212121|ADET||
26|HP PSC 1215 OFFICEJET|1|1|2|111,32|0,0000|0|0|8692212121|ADET||
27|HP PSC 2410 OFFICEJET|1|1|2|358,446|0,0000|0|0|8692212121|ADET||
28|HP PHOTOSMART P7760 PHOTO|1|1|2|154,726|0,0000|0|0|8692212121|ADET||
29|HP PHOTOSMART P7960 PHOTO|1|1|2|341,748|0,0000|0|0|8692212121|ADET||
30|HP 450CI INKJET|1|1|2|308,748|0,0000|0|0|8692212121|ADET||
31|HP 1220C A4-A3 INKJET|1|1|2|339,339|0,0000|0|0|8692212121|ADET||
32|HP 9300 INKJET|1|1|2|430,155|0,0000|0|0|8692212121|ADET||
33|HP 1012 LASER|1|1|2|220,22|0,0000|0|0|8692212121|ADET||
34|HP 1015 LASER|1|1|2|277,09|0,0000|0|0|8692212121|ADET||
35|HP 8150 LASER|1|1|2|2530|0,0000|0|0|8692212121|ADET||
36|HP 8150N LASER|1|1|2|2830,3|0,0000|0|0|8692212121|ADET||
37|HP 3500 COLOR LASER|1|1|2|855,525|0,0000|0|0|8692212121|ADET||
38|XEROX PHASER 3121 LASER|1|1|2|159,72|0,0000|0|0|8692212121|ADET||
39|XEROX PHASER 3130 A4 LASER|1|1|2|251,68|0,0000|0|0|8692212121|ADET||
40|HP 3650 INKJET|1|1|2|79,86|0,0000|0|0|8692212121|ADET||
41|HP 1010 LASER|1|1|2|166,98|0,0000|0|0|8692212121|ADET||
42|THOMSON ALCATEL ADSL ST-330USB|1|1|2|62,92|0,0000|0|0|8692212121|ADET||
43|THOMSON ALCATEL ADSL ST-530 USB LAN|1|1|2|117,37|0,0000|0|0|8692212121|ADET||
44|THOMSON ALCATEL ADSL ST510 1PORT ROUTER|1|1|2|106,48|0,0000|0|0|8692212121|ADET||
45|THOMSON ALCATEL ADSL ST510 4 PORT ROUTER|1|1|2|125,84|0,0000|0|0|8692212121|ADET||
46|EPSON PERFECTION 3170 PHOTO|1|1|2|250,47|0,0000|0|0|8692212121|ADET||
47|EPSON C46 INKJET|1|1|2|52,03|0,0000|0|0|8692212121|ADET||
48|EPSON EPL-6200L LASER|1|1|2|124,63|0,0000|0|0|8692212121|ADET||
49|EPSON LX-300+ MATRIX|1|1|2|160,93|0,0000|0|0|8692212121|ADET||
50|PANASONIC KX-P1150 MATRIX|1|1|2|145,2|0,0000|0|0|8692212121|ADET||
51|PANASONIC KX-P1694 MATRIX|1|1|2|369,05|0,0000|0|0|8692212121|ADET||
52|MITSUMI/SPEED  1.44 DÝSKET SÜRÜCÜ|1|1|2|6,952|0,0000|0|0|8692212121|ADET||
53|ALPS 1.44 MB FLOPPY|1|1|2|6,897|0,0000|0|0|8692212121|ADET||
54|EXTERNAL MITSUMI FDD|1|1|2|30,25|0,0000|0|0|8692212121|ADET||
55|SONY/MITSUMI  1.44 DÝSKET SÜRÜCÜ SÝYAH|1|1|2|7,018|0,0000|0|0|8692212121|ADET||
56|SEAGATE 120 GB. 7200 RPM U.ATA|1|1|2|93,17|0,0000|0|0|8692212121|ADET||
57|SEAGATE 120 GB. 7200 RPM S.ATA|1|1|2|104,06|0,0000|0|0|8692212121|ADET||
58|SAMSUNG  80 GB HARDDÝSK 7200 rpm|1|1|2|68,97|0,0000|0|0|8692212121|ADET||
59|QUAKE F TR STANDART|1|1|2|3,63|0,0000|0|0|8692212121|ADET||
60|SPEEDCOM  56K. INTERNEL F/M|1|1|2|7,139|0,0000|0|0|8692212121|ADET||
61|CREATIVE  56 K. INTERNAL F/M|1|1|2|16,698|0,0000|0|0|8692212121|ADET||
62|ZOOM ADSL 5551 X4|1|1|2|99,22|0,0000|0|0|8692212121|ADET||
63|PHILIPS 17" 107E MONITOR|1|1|2|125,84|0,0000|0|0|8692212121|ADET||
64|PHILIPS 19" 109E MONITOR|1|1|2|215,38|0,0000|0|0|8692212121|ADET||
65|LG 17" T710BH FLAT|1|1|2|150,04|0,0000|0|0|8692212121|ADET||
66|PHILIPS 21" 201B|1|1|2|617,1|0,0000|0|0|8692212121|ADET||
67|KINGSTON 512 MB DDR333|1|1|2|91,652|0,0000|0|0|8692212121|ADET||
68|KINGSTON 512 MB DDR400|1|1|2|90,75|0,0000|0|0|8692212121|ADET||
69|INCA 1800 WATT 4+1|1|1|2|37,51|0,0000|0|0|8692212121|ADET||
70|QUAKE 200W|1|1|2|5,324|0,0000|0|0|8692212121|ADET||
71|LIFEVIEW 3000 TV+RADIO|1|1|2|33,88|0,0000|0|0|8692212121|ADET||
72|PHILIPS WEBCAM DMVC1300K WEB|1|1|2|151,25|0,0000|0|0|8692212121|ADET||
73|PHILIPS WEBCAM DNVC300K WEB|1|1|2|72,6|0,0000|0|0|8692212121|ADET||
74|LG 52X  CDROM|1|1|2|18,755|0,0000|0|0|8692212121|ADET||
75|SAMSUNG 52X  CDROM|1|1|2|18,15|0,0000|0|0|8692212121|ADET||
76|LG 52X32X52 IDE CDRW BULK|1|1|2|31,46|0,0000|0|0|8692212121|ADET||
77|LG 52X32X52X BULK SIYAH|1|1|2|32,67|0,0000|0|0|8692212121|ADET||
78|AOPEN 52X32X52 KAPAKLI CD YAZICI|1|1|2|28,435|0,0000|0|0|8692212121|ADET||
79|SAMSUNG 120GB 7200 RPM|1|1|2|90,75|0,0000|0|0|8692212121|ADET||
80|SAMSUNG 40GB 7200RPM|1|1|2|54,45|0,0000|0|0|8692212121|ADET||
81|SAMSUNG 80GB 7200RPM 8MB SATA|1|1|2|79,255|0,0000|0|0|8692212121|ADET||
82|MAXTOR 40 GB 7200 RPM U.ATA|1|1|2|55,055|0,0000|0|0|8692212121|ADET||
83|SAMSUNG 80GB 7200RPM|1|1|2|69,575|0,0000|0|0|8692212121|ADET||
84|A4 TECH WWW-35 CIFT SCROLL PS/2|1|1|2|3,63|0,0000|0|0|8692212121|ADET||
85|QUAKE INTERNET PS/2|1|1|2|1,815|0,0000|0|0|8692212121|ADET||
86|OEM 128 MB. SDRAM 100 MHZ|1|1|2|29,04|0,0000|0|0|8692212121|ADET||
87|OEM 256 MB. SDRAM 133 MHZ|1|1|2|37,51|0,0000|0|0|8692212121|ADET||
88|OEM 256 MB. DDR PC3200(400)|1|1|2|39,93|0,0000|0|0|8692212121|ADET||
89|KINGSTON 256 MB. DDR PC2700|1|1|2|48,4|0,0000|0|0|8692212121|ADET||
90|KINGSTON 256 MB. DDR PC3200|1|1|2|47,19|0,0000|0|0|8692212121|ADET||
91|OEM 512 MB. DDR PC3200|1|1|2|78,65|0,0000|0|0|8692212121|ADET||
92|MSI 6728 1865P NEO IS2R FSB800 PRESCOTT|1|1|2|79,86|0,0000|0|0|8692212121|ADET||
93|MSI 6787 P4 MAM-Y|1|1|2|50,82|0,0000|0|0|8692212121|ADET||
94|MSI 6570-K7N2 DELTA|1|1|2|66,55|0,0000|0|0|8692212121|ADET||
95|GIGABYTE 8S655FX-L|1|1|2|77,44|0,0000|0|0|8692212121|ADET||
96|ASUS A7N8X-VM|1|1|2|96,195|0,0000|0|0|8692212121|ADET||
97|OEM KASA FANI|1|1|2|2,42|0,0000|0|0|8692212121|ADET||
98|AOPEN H600B-B05|1|1|2|71,39|0,0000|0|0|8692212121|ADET||
99|AOPEN QF50W-W03|1|1|2|60,5|0,0000|0|0|8692212121|ADET||
100|AOPEN KA50D-D01|1|1|2|65,34|0,0000|0|0|8692212121|ADET||
101|ASUS TA-230 PFC CE FAN 4 USB|1|1|2|58,08|0,0000|0|0|8692212121|ADET||
102|ASUS TA-231 SIYAH PFC CE FAN|1|1|2|58,08|0,0000|0|0|8692212121|ADET||
103|QUAKE Q TR STANDART|1|1|2|3,146|0,0000|0|0|8692212121|ADET||
104|MICROSOFT KLAVYE MAUSE KABLOSUZ N90-00 OPTIK|1|1|2|54,45|0,0000|0|0|8692212121|ADET||
105|MICROSOFT KLAVYE MOUSE (OPTIK) K96-0021|1|1|2|25,41|0,0000|0|0|8692212121|ADET||
106|A4 TECH KSB-8 MULTIMEDIA|1|1|2|8,47|0,0000|0|0|8692212121|ADET||
107|A4 TECH KBS-2348RF|1|1|2|42,35|0,0000|0|0|8692212121|ADET||
108|APACHE  56 K INTERNAL F/M|1|1|2|32,67|0,0000|0|0|8692212121|ADET||
109|GIGABYTE 8I845PERZ|1|1|2|67,76|0,0000|0|0|8692212121|ADET||
110|GIGABYTE 8I845GVMRZ|1|1|2|58,08|0,0000|0|0|8692212121|ADET||
111|GIGABYTE 8S661FXMRZ|1|1|2|64,13|0,0000|0|0|8692212121|ADET||
112|GIGABYTE 8I865GVMK|1|1|2|79,86|0,0000|0|0|8692212121|ADET||
113|GIGABYTE 7S748|1|1|2|56,87|0,0000|0|0|8692212121|ADET||
114|MSI 7021|1|1|2|53,845|0,0000|0|0|8692212121|ADET||
115|MSI 6702 KT8NOEFSR 400 SATA RAID LAN|1|1|2|102,85|0,0000|0|0|8692212121|ADET||
116|SMARTPRO CCD PS2 BAR OKU|1|1|2|29,645|0,0000|0|0|8692212121|ADET||
117|SANDISK SD 64MB|1|1|2|21,78|0,0000|0|0|8692212121|ADET||
118|SANDISK SD 128MB|1|1|2|27,225|0,0000|0|0|8692212121|ADET||
119|SANDISK MMC 64MB|1|1|2|17,721|0,0000|0|0|8692212121|ADET||
120|SANDISK MMC 128MB|1|1|2|27,225|0,0000|0|0|8692212121|ADET||
121|SANDISK CF 256MB|1|1|2|35,695|0,0000|0|0|8692212121|ADET||
122|SANDISK CF 128MB|1|1|2|21,78|0,0000|0|0|8692212121|ADET||
123|SANDISK CF 512MB|1|1|2|60,5|0,0000|0|0|8692212121|ADET||
124|SANDISK XD 64MB|1|1|2|20,251|0,0000|0|0|8692212121|ADET||
125|SANDISK XD 128MB|1|1|2|30,25|0,0000|0|0|8692212121|ADET||
126|SANDISK XD 256MB|1|1|2|48,4|0,0000|0|0|8692212121|ADET||
127|KINGSTON SD 128MB|1|1|2|20,57|0,0000|0|0|8692212121|ADET||
128|KINGSTON SD 256MB|1|1|2|36,3|0,0000|0|0|8692212121|ADET||
129|KINGSTON CF 128MB|1|1|2|21,78|0,0000|0|0|8692212121|ADET||
130|KINGSTON CF 256MB|1|1|2|32,67|0,0000|0|0|8692212121|ADET||
131|PHILIPS 16X INT.|1|1|2|41,14|0,0000|0|0|8692212121|ADET||
132|SEAGATE 160 GB. 7200 RPM U.ATA|1|1|2|103,455|0,0000|0|0|8692212121|ADET||
133|SEAGATE 160 GB. 7200 RPM S.ATA|1|1|2|123,42|0,0000|0|0|8692212121|ADET||
134|SEAGATE 80 GB 7200 RPM U.ATA|1|1|2|70,664|0,0000|0|0|8692212121|ADET||
135|SAMSUNG 120GB 7200RPM 8MB SATA|1|1|2|103,455|0,0000|0|0|8692212121|ADET||
136|SAMSUNG 160GB 7200RPM 8MB SATA|1|1|2|119,79|0,0000|0|0|8692212121|ADET||
137|SAMSUNG 160GB 7200RPM 8MB|1|1|2|110,11|0,0000|0|0|8692212121|ADET||
138|MAXTOR 80 GB 7200 RPM U.ATA|1|1|2|69,454|0,0000|0|0|8692212121|ADET||
139|SEAGATE 40 GB 7200 RPM U.ATA|1|1|2|62,92|0,0000|0|0|8692212121|ADET||
140|SEAGATE 200GB 7200RPM 8MB SATA|1|1|2|140,36|0,0000|0|0|8692212121|ADET||
141|SAMSUNG 160GB 7200 ATA|1|1|2|104,06|0,0000|0|0|8692212121|ADET||
142|SAMSUNG 120GB 7200 ATA 8MB|1|1|2|100,43|0,0000|0|0|8692212121|ADET||
143|INCA 56K INT.|1|1|2|7,744|0,0000|0|0|8692212121|ADET||
144|INCA 56K EXT.|1|1|2|33,88|0,0000|0|0|8692212121|ADET||
145|US ROBOTICS 56K EXT V92|1|1|2|75,02|0,0000|0|0|8692212121|ADET||
146|ZOOM ADSL 5554 X5 USB 4X ETHERNET|1|1|2|114,95|0,0000|0|0|8692212121|ADET||
147|ZOOM ADSL 5510 USB ADSL|1|1|2|61,71|0,0000|0|0|8692212121|ADET||
148|PIKATEL ADSL EA-103USB|1|1|2|47,19|0,0000|0|0|8692212121|ADET||
149|PIKATEL ADSL EA-135 4 PORT ROUTER|1|1|2|79,86|0,0000|0|0|8692212121|ADET||
150|INCA ADSL USB|1|1|2|47,19|0,0000|0|0|8692212121|ADET||
151|PHILIPS 17" 107T MONITOR|1|1|2|162,14|0,0000|0|0|8692212121|ADET||
152|VESTEL 17" FLAT BEYAZ MONITOR|1|1|2|121|0,0000|0|0|8692212121|ADET||
153|SAMSUNG 15" 152V LCD|1|1|2|417,45|0,0000|0|0|8692212121|ADET||
154|SAMSUNG 17" 793 DF|1|1|2|146,41|0,0000|0|0|8692212121|ADET||
155|SAMSUNG 17" 793S|1|1|2|118,58|0,0000|0|0|8692212121|ADET||
156|SONY 17" SDM-S73H LCD|1|1|2|320,65|0,0000|0|0|8692212121|ADET||
157|LG 15" 1510S LCD|1|1|2|326,7|0,0000|0|0|8692212121|ADET||
158|PHILIPS 17" 107E56 SÝYAH|1|1|2|127,05|0,0000|0|0|8692212121|ADET||
159|LIKOM 17" CRT|1|1|2|105,27|0,0000|0|0|8692212121|ADET||
160|PHILIPS 19" 109B|1|1|2|296,45|0,0000|0|0|8692212121|ADET||
161|PHILIPS 15" LCD 150S5FG|1|1|2|317,02|0,0000|0|0|8692212121|ADET||
162|SAMSUNG 19" 957MB|1|1|2|321,86|0,0000|0|0|8692212121|ADET||
163|SAMSUNG 17"LCD 172X|1|1|2|592,9|0,0000|0|0|8692212121|ADET||
164|SAMSUNG 17" LCD 172B|1|1|2|562,65|0,0000|0|0|8692212121|ADET||
165|SONY 15" LCD S53H|1|1|2|268,62|0,0000|0|0|8692212121|ADET||
166|A4 TECH MOUSE PS/2 1 SCROLL SWW-35|1|1|2|3,63|0,0000|0|0|8692212121|ADET||
167|A4 TECH SWOP-3 RAINBOW PS/2|1|1|2|7,26|0,0000|0|0|8692212121|ADET||
168|A4 TECH WOP-35 OPTIK PS/2|1|1|2|8,47|0,0000|0|0|8692212121|ADET||
169|A4TECH SWOP35-OPTICAL GREAT EYE 3D|1|1|2|7,26|0,0000|0|0|8692212121|ADET||
170|MICROSOFT M20-00003 NOTEBOOK OPTIK USB|1|1|2|18,15|0,0000|0|0|8692212121|ADET||
171|MICROSOFT B75-00072 INTELLI MOUSE EXPLORER|1|1|2|25,41|0,0000|0|0|8692212121|ADET||
172|A4 TECH OK-720PS FAST MOUSE|1|1|2|1,254|0,0000|0|0|8692212121|ADET||
173|A4 TECH SWW35-USB 3D MOUSE|1|1|2|4,356|0,0000|0|0|8692212121|ADET||
174|A4 TECH WOP 49 OPTICAL 4D MOUSE|1|1|2|10,285|0,0000|0|0|8692212121|ADET||
175|A4 TECH RP-648 RF OPTIC PS\2 USB|1|1|2|24,2|0,0000|0|0|8692212121|ADET||
176|A4 TECH RP-649 RF OPTIC MOUSE|1|1|2|25,586|0,0000|0|0|8692212121|ADET||
177|OEM 256 MB DDR.RAM 400 MHZ.|1|1|2|39,93|0,0000|0|0|8692212121|ADET||
178|OEM 128 MB. DDR PC2100|1|1|2|22,99|0,0000|0|0|8692212121|ADET||
179|OEM 256MB PC3200 DDR400|1|1|2|39,93|0,0000|0|0|8692212121|ADET||
180|KINGSTON 512MB PC3200 DDR 400 C2.5|1|1|2|116,16|0,0000|0|0|8692212121|ADET||
181|ASUS A7V880|1|1|2|76,23|0,0000|0|0|8692212121|ADET||
182|GIGABYTE 7N400L|1|1|2|89,54|0,0000|0|0|8692212121|ADET||
183|GIGABYTE 8I915GMF|1|1|2|127,05|0,0000|0|0|8692212121|ADET||
184|GIGABYTE 8S651MRZ|1|1|2|56,87|0,0000|0|0|8692212121|ADET||
185|GIGABYTE 8S648FXL|1|1|2|62,92|0,0000|0|0|8692212121|ADET||
186|INCA 300K USB CAMERA WEB|1|1|2|20,57|0,0000|0|0|8692212121|ADET||
187|PHILIPS PCVC840K USB WEB|1|1|2|133,1|0,0000|0|0|8692212121|ADET||
188|ASUS 52X  CDROM|1|1|2|19,965|0,0000|0|0|8692212121|ADET||
189|PHILIPS 52X24X52X EXT.|1|1|2|90,75|0,0000|0|0|8692212121|ADET||
190|LG COMBO  52X32X52XCDRW  16X DVD|1|1|2|56,87|0,0000|0|0|8692212121|ADET||
191|PENTIUM 4 2.4 GHZ 512K/533 BOX|1|1|2|153,67|0,0000|0|0|8692212121|ADET||
192|PENTIUM 4 2.8 GHZ 533FSB/512K BOX|1|1|2|202,07|0,0000|0|0|8692212121|ADET||
193|PENTIUM 4 3.06 GHZ 800FSB/1MB BOX|1|1|2|224,455|0,0000|0|0|8692212121|ADET||
194|ASUS 128MB V9520 MAGIC-T|1|1|2|61,71|0,0000|0|0|8692212121|ADET||
195|FLY GF4 128MB MX440|1|1|2|48,4|0,0000|0|0|8692212121|ADET||
196|DAYTONA 64MB MX400|1|1|2|34,485|0,0000|0|0|8692212121|ADET||
197|MSI 128MB 8936-Z03 FX5200XT-T128 TVO|1|1|2|60,5|0,0000|0|0|8692212121|ADET||
198|MSI 256MB 8911-Z09 FX5600XT-TD 128BIT|1|1|2|104,06|0,0000|0|0|8692212121|ADET||
199|MSI 128MB 8948-Z02 FX5700XT-VTD VI TV|1|1|2|146,41|0,0000|0|0|8692212121|ADET||
200|MSI 6728 I865P NEO2 FIS2R FSB800 PRESCOT|1|1|2|79,86|0,0000|0|0|8692212121|ADET||
201|MSI 6734 KM4AM-L SES VGA LAN 8X DDR400 SATA|1|1|2|62,92|0,0000|0|0|8692212121|ADET||
202|ASROCK VIA P4Ý45GV DDR SES+VGA+LAN PRESCOT|1|1|2|50,215|0,0000|0|0|8692212121|ADET||
203|EPOX EP-8KRAI|1|1|2|62,92|0,0000|0|0|8692212121|ADET||
204|ASUS P4S800-MX|1|1|2|68,97|0,0000|0|0|8692212121|ADET||
205|EPOX EP-8KMM3I|1|1|2|61,71|0,0000|0|0|8692212121|ADET||
206|EPOX EP-8RDA3|1|1|2|116,765|0,0000|0|0|8692212121|ADET||
207|ASUS P4P800S-X AGP 8X DDR400|1|1|2|76,23|0,0000|0|0|8692212121|ADET||
208|BTC PC 380 NOTEBOOK WEBCAM|1|1|2|20,57|0,0000|0|0|8692212121|ADET||
209|BTC 100K USB WEBCAM|1|1|2|12,1|0,0000|0|0|8692212121|ADET||
210|CHICONY-2330 3MP 4XDIGITAL 1.5" LCD 16 MB|1|1|2|83,49|0,0000|0|0|8692212121|ADET||
211|CREATIVE WEB CAM VISTA USB|1|1|2|24,2|0,0000|0|0|8692212121|ADET||
212|CREATIVE WEBCAM NX|1|1|2|37,51|0,0000|0|0|8692212121|ADET||
213|CREATIVE WEBCAM NOTEBOOK|1|1|2|61,71|0,0000|0|0|8692212121|ADET||
214|MINTON MDC-1506 6MP 16MB 4XD KIR GOZ|1|1|2|159,72|0,0000|0|0|8692212121|ADET||
215|MINTON MDC-1600 6MP 16MB 4XD KIR GOZ|1|1|2|156,09|0,0000|0|0|8692212121|ADET||
216|MINTON MDC-1850 4MP 16MB 4XD 3X OPTIK|1|1|2|173,03|0,0000|0|0|8692212121|ADET||
217|MUSTEK GSMART D35  MAV 3.5MP|1|1|2|119,79|0,0000|0|0|8692212121|ADET||
218|ORITE VQ3240 5.0MP 16MB 15"LCD|1|1|2|95,59|0,0000|0|0|8692212121|ADET||
219|RICOH CAPLIO RX SILVEWR|1|1|2|332,75|0,0000|0|0|8692212121|ADET||
220|RICOH CAPLIO G4 WIDE|1|1|2|248,05|0,0000|0|0|8692212121|ADET||
221|RICOH CAPLIO RR-230|1|1|2|175,45|0,0000|0|0|8692212121|ADET||
222|MINTON MDC-1500 5MP 16MB 4XD KIR GOZ|1|1|2|141,57|0,0000|0|0|8692212121|ADET||
223|MUSTEK MDC 5500Z|1|1|2|211,75|0,0000|0|0|8692212121|ADET||
224|JAGUAR IC-300|1|1|2|15,73|0,0000|0|0|8692212121|ADET||
225|SAMSUNG 52X SIYAH CD-ROM|1|1|2|19,36|0,0000|0|0|8692212121|ADET||
226|SAMSUNG 52X24X52 CD DVD COMBO BEYAZ|1|1|2|52,03|0,0000|0|0|8692212121|ADET||
227|SAMSUNG COMBO SIYAH 52X24X52X 16X|1|1|2|54,45|0,0000|0|0|8692212121|ADET||
228|ASUS 52X32X52 BOX|1|1|2|33,88|0,0000|0|0|8692212121|ADET||
229|INTEL LGA775 2.8 1MB 800MHZ BOX|1|1|2|203,28|0,0000|0|0|8692212121|ADET||
230|INTEL LGA775 3.0 1MB 800MHZ BOX|1|1|2|222,64|0,0000|0|0|8692212121|ADET||
231|INTEL LGA775 3.2 1MB 800 MHZ BOX|1|1|2|272,25|0,0000|0|0|8692212121|ADET||
232|SAMSUNG COMBO 52X42X52X 16X DVD|1|1|2|48,4|0,0000|0|0|8692212121|ADET||
233|SAMSUNG SIYAH COMBO 52X24X52X 16X DVD|1|1|2|50,82|0,0000|0|0|8692212121|ADET||
234|SAMSUNG 16X DVD|1|1|2|30,25|0,0000|0|0|8692212121|ADET||
235|ASUS DRW-1604P|1|1|2|98,01|0,0000|0|0|8692212121|ADET||
236|MSI 8952 128MB ATI RX9200SE|1|1|2|53,24|0,0000|0|0|8692212121|ADET||
237|MSI 8969 128MB PCX5750 PCI EXPRES|1|1|2|166,98|0,0000|0|0|8692212121|ADET||
238|SAPPHIRE 256MB ATLANTIS RADEON 9600TX|1|1|2|135,52|0,0000|0|0|8692212121|ADET||
239|SOCKET CPU FAN|1|1|2|2,42|0,0000|0|0|8692212121|ADET||
240|P-4 INTEL ORJINAL FAN|1|1|2|7,26|0,0000|0|0|8692212121|ADET||
241|AMD COOLER MASTER CP5 6J31C|1|1|2|7,26|0,0000|0|0|8692212121|ADET||
242|INTEL P3 FAN|1|1|2|2,42|0,0000|0|0|8692212121|ADET||
243|MAXTOR 160GB 7200|1|1|2|107,085|0,0000|0|0|8692212121|ADET||
244|MAXTOR 160GB 7200RPM 8MB|1|1|2|113,432|0,0000|0|0|8692212121|ADET||
245|MAXTOR 160GB 7200 8MB SATA|1|1|2|123,42|0,0000|0|0|8692212121|ADET||
246|MAXTOR 200GB 7200 8 MB SATA|1|1|2|141,57|0,0000|0|0|8692212121|ADET||
247|MAXTOR 250GB 7200 8MB|1|1|2|217,8|0,0000|0|0|8692212121|ADET||
248|SILVER100|1|1|2|399,3|0,0000|0|0|8692212121|ADET||
249|SILVER200|1|1|2|417,45|0,0000|0|0|8692212121|ADET||
250|SILVER300|1|1|2|435,6|0,0000|0|0|8692212121|ADET||
251|SILVER400|1|1|2|465,85|0,0000|0|0|8692212121|ADET||
252|SILVER500|1|1|2|453,75|0,0000|0|0|8692212121|ADET||
253|SILVER600|1|1|2|484|0,0000|0|0|8692212121|ADET||
254|GOLD100|1|1|2|520,3|0,0000|0|0|8692212121|ADET||
255|GOLD200|1|1|2|562,65|0,0000|0|0|8692212121|ADET||
256|GOLD300|1|1|2|580,8|0,0000|0|0|8692212121|ADET||
257|GOLD400|1|1|2|605|0,0000|0|0|8692212121|ADET||
258|GOLD500|1|1|2|635,25|0,0000|0|0|8692212121|ADET||
259|GOLD600|1|1|2|653,4|0,0000|0|0|8692212121|ADET||
260|PLATINIUM100|1|1|2|665,5|0,0000|0|0|8692212121|ADET||
261|PLATINIUM200|1|1|2|689,7|0,0000|0|0|8692212121|ADET||
262|PLATINIUM300|1|1|2|750,2|0,0000|0|0|8692212121|ADET||
263|PLATINIUM400|1|1|2|786,5|0,0000|0|0|8692212121|ADET||
264|PLATINIUM500|1|1|2|816,75|0,0000|0|0|8692212121|ADET||
265|PLATINIUM600|1|1|2|834,9|0,0000|0|0|8692212121|ADET||
266|PLATINIUM700|1|1|2|961,95|0,0000|0|0|8692212121|ADET||
267|USB KABLO|1|1|2|0,605|0,0000|0|0|8692212121|ADET||
268|CAT-SE UTP KABLO NET|1|1|2|45,98|0,0000|0|0|8692212121|ADET||
269|EVEREST PL0327- KULPLU BEYAZ|1|1|2|31,46|0,0000|0|0|8692212121|ADET||
270|EVEREST PL0327-1 KULPLU MAVÝ|1|1|2|31,46|0,0000|0|0|8692212121|ADET||
271|MINTON 901F USB BEY SIY GRI CIFT FAN|1|1|2|27,83|0,0000|0|0|8692212121|ADET||
272|MINTON 904F USB SIY MAV GRI CIFT FAN|1|1|2|30,25|0,0000|0|0|8692212121|ADET||
273|MINTON 911F USB BEY SIY CIFT FAN KULP DIGITAL|1|1|2|39,93|0,0000|0|0|8692212121|ADET||
274|QUAKE KM 3802 MUTIMEDIA SÝYAH|1|1|2|8,47|0,0000|0|0|8692212121|ADET||
275|A4TECH KBS 720 ANTI STANDART|1|1|2|4,774|0,0000|0|0|8692212121|ADET||
276|CHIC KLAVYE VE MOUSE  KABLOSUZ OPTIK|1|1|2|33,275|0,0000|0|0|8692212121|ADET||
277|A4 TECH KSB-21A MULTIMEDIA|1|1|2|9,075|0,0000|0|0|8692212121|ADET||
278|MINTON PS2 Q-F TR SIY/BEY|1|1|2|3,63|0,0000|0|0|8692212121|ADET||
279|A4 TECH KB827R KLAVYE MOUSE RF|1|1|2|31,46|0,0000|0|0|8692212121|ADET||
280|ITSPEED MM PS2 Q TR|1|1|2|3,509|0,0000|0|0|8692212121|ADET||
281|KONNEKTÖR 8 PIN 8 KONTAK LT-BP|1|1|2|0,121|0,0000|0|0|8692212121|ADET||
282|CNET SIGLEPOINT 56K V92 PCI|1|1|2|7,26|0,0000|0|0|8692212121|ADET||
283|SPEEDCOM 56K USB EXT.|1|1|2|33,88|0,0000|0|0|8692212121|ADET||
284|APACHE 56K USB EXT. V92|1|1|2|59,29|0,0000|0|0|8692212121|ADET||
285|HYUNDAI V773|1|1|2|124,025|0,0000|0|0|8692212121|ADET||
286|HYUNDAI 17" Q770 FLAT|1|1|2|154,88|0,0000|0|0|8692212121|ADET||
287|SAMSUNG 17" 757MB|1|1|2|244,42|0,0000|0|0|8692212121|ADET||
288|HYUNDAI 19" Q995|1|1|2|269,83|0,0000|0|0|8692212121|ADET||
289|PHILIPS 15" 105S51|1|1|2|116,16|0,0000|0|0|8692212121|ADET||
290|PHILIPS 17" 1O7X53|1|1|2|160,93|0,0000|0|0|8692212121|ADET||
291|LG 17" 710S|1|1|2|121,605|0,0000|0|0|8692212121|ADET||
292|CHIC 1380 USB PS-2 MOUSE OPTICAL|1|1|2|7,865|0,0000|0|0|8692212121|ADET||
293|A4 TECH SERI MOUSE|1|1|2|1,21|0,0000|0|0|8692212121|ADET||
294|A4 TECH BW-35 OPTIK PS/2|1|1|2|9,68|0,0000|0|0|8692212121|ADET||
295|A4 TECH WOP-33 USB SCROLL|1|1|2|10,285|0,0000|0|0|8692212121|ADET||
296|QUAKE WOP333-OPTICAL|1|1|2|6,347|0,0000|0|0|8692212121|ADET||
297|APPLET 8 PORT 10/100 SWITCH|1|1|2|18,15|0,0000|0|0|8692212121|ADET||
298|APPLET 16 PORT 10/100 SWITCH|1|1|2|41,14|0,0000|0|0|8692212121|ADET||
299|APPLET 24PORT 10/100 SWITCH|1|1|2|81,07|0,0000|0|0|8692212121|ADET||
300|3COM 3C996B-T 10/100/1000|1|1|2|107,69|0,0000|0|0|8692212121|ADET||
301|DLINK DFE-550FX PCI 100FX 32BIT FIBER ETHERNET|1|1|2|84,7|0,0000|0|0|8692212121|ADET||
302|EDIMAX ES-3108 8 PORT 10/100 SWITCH|1|1|2|19,36|0,0000|0|0|8692212121|ADET||
303|EDIMAX ES-3116 16 PORT 10/100 SWITCH|1|1|2|42,35|0,0000|0|0|8692212121|ADET||
304|EDIMAX ES-3116RL 16 PORT 10/100 RACK MOUNT SWITCH|1|1|2|70,18|0,0000|0|0|8692212121|ADET||
305|LG LM-50|1|1|2|1915,1|0,0000|0|0|8692212121|ADET||
306|MSI M510C|1|1|2|1435,5|0,0000|0|0|8692212121|ADET||
307|ASUS AN-232|1|1|2|1507|0,0000|0|0|8692212121|ADET||
308|IBM R50E|1|1|2|1320|0,0000|0|0|8692212121|ADET||
309|HP IPAQ RZ1710 FA 289A|1|1|2|359,37|0,0000|0|0|8692212121|ADET||
310|P4 POWER SUPLY|1|1|2|10,89|0,0000|0|0|8692212121|ADET||
311|P3 POWER SUPPLY|1|1|2|9,68|0,0000|0|0|8692212121|ADET||
312|MUSTEK BEARPAW 2448 TA PRO|1|1|2|90,75|0,0000|0|0|8692212121|ADET||
313|HP ML1110 359661-421|1|1|2|1027,29|0,0000|0|0|8692212121|ADET||
314|HP ML1110 356963-421|1|1|2|1148,29|0,0000|0|0|8692212121|ADET||
315|IBM P1MRGTU|1|1|2|3870,79|0,0000|0|0|8692212121|ADET||
316|OEM SPEAKER 1200 WATT 2+1|1|1|2|8,47|0,0000|0|0|8692212121|ADET||
317|MIYAKO A826CE 6000W 5+1 REMOTE|1|1|2|59,411|0,0000|0|0|8692212121|ADET||
318|MIYAKO A833CE 8000W 5+1 REMOTE|1|1|2|95,59|0,0000|0|0|8692212121|ADET||
319|MINTON HTS 220 700W AHSAP|1|1|2|7,865|0,0000|0|0|8692212121|ADET||
320|MINTON HTS 3000 4+1 REMOTE DVD-VCD|1|1|2|47,19|0,0000|0|0|8692212121|ADET||
321|JAZZ 9911C 6000W 5+1 AHSAP|1|1|2|60,5|0,0000|0|0|8692212121|ADET||
322|JAZZ 2530 SET (JDH2530 DVD)|1|1|2|151,25|0,0000|0|0|8692212121|ADET||
323|CASONIC CD-6611 KULAKLIK MIKROFON IPLI|1|1|2|7,26|0,0000|0|0|8692212121|ADET||
324|INCA 3200 5+1|1|1|2|59,895|0,0000|0|0|8692212121|ADET||
325|CREATIVE PC WORKS LX 520|1|1|2|75,02|0,0000|0|0|8692212121|ADET||
326|CREATIVE SBS 370|1|1|2|30,25|0,0000|0|0|8692212121|ADET||
327|CANON BCI-24 SÝYAH KARTUÞ|1|1|2|6,358|0,0000|0|0|8692212121|ADET||
328|CANON BCI-24 RENKLÝ KARTUÞ|1|1|2|13,794|0,0000|0|0|8692212121|ADET||
329|HP C8727A SÝYAH KARTUÞ|1|1|2|16,269|0,0000|0|0|8692212121|ADET||
330|HP C8728A RENKLÝ KARTUÞ|1|1|2|19,074|0,0000|0|0|8692212121|ADET||
331|HP C6658 FOTO KARTUÞ|1|1|2|23,21|0,0000|0|0|8692212121|ADET||
332|HP C6657 SÝYAH KARTUÞ|1|1|2|29,579|0,0000|0|0|8692212121|ADET||
333|HP C6656 RENKLÝ KARTUÞ|1|1|2|29,304|0,0000|0|0|8692212121|ADET||
334|LEXMARK I0N0026 RENKLÝ KARTUÞ|1|1|2|37,334|0,0000|0|0|8692212121|ADET||
335|LEXMARK I0N0217 SÝYAH KARTUÞ|1|1|2|23,353|0,0000|0|0|8692212121|ADET||
336|LEXMARK I0N0227 RENKLÝ KARTUÞ|1|1|2|25,168|0,0000|0|0|8692212121|ADET||
337|LEXMARK I0N0016 SÝYAH KARTUÞ|1|1|2|33,858|0,0000|0|0|8692212121|ADET||
338|LEXMARK 15MO120 RENKLÝ KARTUÞ|1|1|2|42,922|0,0000|0|0|8692212121|ADET||
339|LEXMARK 12A1990 SÝYAH KARTUÞ|1|1|2|36,091|0,0000|0|0|8692212121|ADET||
340|HP LAZER Q2612A SÝYAH TONER|1|1|2|62,436|0,0000|0|0|8692212121|ADET||
341|HP LAZER Q5949A SÝYAH TONER|1|1|2|71,456|0,0000|0|0|8692212121|ADET||
342|HP LAZER Q3971A MAVÝ TONER|1|1|2|71,533|0,0000|0|0|8692212121|ADET||
343|HP LAZER Q3973A KIRMIZI TONER|1|1|2|71,533|0,0000|0|0|8692212121|ADET||
344|HP LAZER Q3972A SARI TONER|1|1|2|71,533|0,0000|0|0|8692212121|ADET||
345|HP LAZER Q3960A SÝYAH TONER|1|1|2|80,377|0,0000|0|0|8692212121|ADET||
346|SKY STAR2 DIGITAL TV KARTI|1|1|2|77,44|0,0000|0|0|8692212121|ADET||
347|AVERMEDIA AVER TV DVBS|1|1|2|112,53|0,0000|0|0|8692212121|ADET||
348|SAMSUNG ML1710P LASER|1|1|2|168,19|0,0000|0|0|8692212121|ADET||
349|SAMSUNG CLP-500 RENKLI LASER YAZICI|1|1|2|567,49|0,0000|0|0|8692212121|ADET||
350|SAMSUNG SCX 4216F LASER T-FOT-FAX KAPAK|1|1|2|402,93|0,0000|0|0|8692212121|ADET||
351|CANON BUBLEJET I455|1|1|2|75,02|0,0000|0|0|8692212121|ADET||
352|ASUS MIDI TOWER SÝYAH 300W USB|1|1|2|58,08|0,0000|0|0|8692212121|ADET||
353|MICROLAB 4500WATT 5+1 SÝYAH HOPARLÖR|1|1|2|48,4|0,0000|0|0|8692212121|ADET||
354|SONY DSC-P41|1|1|2|171,82|0,0000|0|0|8692212121|ADET||
355|AMD SEMPRON 2800 333MHZ 384 Kb|1|1|2|137,94|0,0000|0|0|8692212121|ADET||
356|DAYTONA 128 MB GF FX5200|1|1|2|56,265|0,0000|0|0|8692212121|ADET||
357|ALPS DISKET SURUCU SIYAH|1|1|2|6,952|0,0000|0|0|8692212121|ADET||
358|CODEGEN 3307-CA 300W SÝYAH|1|1|2|28,435|0,0000|0|0|8692212121|ADET||
359|MÝNTON P4 MPC 902 300W BEJ USB|1|1|2|24,2|0,0000|0|0|8692212121|ADET||
360|MÝNTON P4 MPC 902 300W SÝYAH USB|1|1|2|24,2|0,0000|0|0|8692212121|ADET||
361|FLOWER GH-206MV KULAKLIK MÝKROFON|1|1|2|3,63|0,0000|0|0|8692212121|ADET||
362|PHILIPS MONITOR 107E61 17" 0,28|1|1|2|125,84|0,0000|0|0|8692212121|ADET||
363|PHILIPS MONITOR 107E66 17" 0,28 SÝYAH|1|1|2|127,05|0,0000|0|0|8692212121|ADET||
364|OEM 800 WATT|1|1|2|6,05|0,0000|0|0|8692212121|ADET||
365|SAMSUNG SCX-4100 LAZER YAZICI|1|1|2|223,85|0,0000|0|0|8692212121|ADET||
366|HP OFFICEJET 3015A4 LASER YAZICI|1|1|2|425,601|0,0000|0|0|8692212121|ADET||
